label: "Gazebo"
id: 412eab8e4058621f7036b5e765dfe812
cameras:
- camera:
    label: cam0
    id: 54812562fa109c40fe90b29a59dd7798
    line-delay-nanoseconds: 0
    image_height: 480
    image_width: 752
    type: pinhole
    intrinsics:
      cols: 1
      rows: 4
      data: [360.0652897865692, 363.2195731683743, 406.6650580307593, 256.20533579714373]
    distortion:
      type: radial-tangential
      parameters:
        cols: 1
        rows: 4
        data: [-0.27186431380704884, 0.05397709169334604, -0.000557307377524114, -0.0006127379205397152]
  T_B_C:
    cols: 4
    rows: 4
    data: [0, 0, 1, 0.094,
           -1, 0, 0, -0.074,
           0, -1, 0, 0.280,
           0.0, 0.0, 0.0, 1.0]
- camera:
    label: cam1
    id: 54812562fa109c40fe90b29a59dd7723
    line-delay-nanoseconds: 0
    image_height: 480
    image_width: 752
    type: pinhole

    intrinsics:
      cols: 1
      rows: 4
      data: [360.0652897865692, 363.2195731683743, 406.6650580307593, 256.20533579714373]
    distortion:
      type: radial-tangential
      parameters:
        cols: 1
        rows: 4
        data: [-0.27186431380704884, 0.05397709169334604, -0.000557307377524114, -0.0006127379205397152]
  T_B_C:
    cols: 4
    rows: 4
    data: [0, 0, 1, 0.094,
           -1, 0, 0, -0.184,
           0, -1, 0, 0.280,
           0.0, 0.0, 0.0, 1.0]

imu_params:
  delay_imu_cam: 0.0
  max_imu_delta_t: 0.01
  acc_max: 176.0
  omega_max: 7.8
  sigma_omega_c: 12.0e-4
  sigma_acc_c: 8.0e-3
  sigma_omega_bias_c: 2.0e-5
  sigma_acc_bias_c: 5.5e-5
  sigma_integration: 0.0
  g: 9.8082
  imu_rate: 100

imu_initialization:
  velocity: [0.0, 0, 0.0]
  omega_bias: [0.0, 0, 0.0]
  acc_bias: [0.0, 0.0, 0.0]
  velocity_sigma: 2.0
  omega_bias_sigma: 0.01
  acc_bias_sigma: 0.1
