label: "TUM"
id: 412eab8e4058621f7036b5e765dfe819
cameras:
- camera:
    label: cam0
    id: 54812562fa109c40fe90b29a59dd7794
    line-delay-nanoseconds: 0
    image_height: 512
    image_width: 512
    type: pinhole
    intrinsics:
      cols: 1
      rows: 4
      data: [190.97847715128717, 190.9733070521226, 254.93170605935475, 256.8974428996504]
    distortion:
      type: equidistant
      parameters:
        cols: 1
        rows: 4
        data: [0.0034823894022493434, 0.0007150348452162257, -0.0020532361418706202,
    0.00020293673591811182]
  T_B_C:
    cols: 4
    rows: 4
    data: [-0.9995250378696743, 0.029615343885863205, -0.008522328211654736, 0.04727988224914392,
           0.0075019185074052044, -0.03439736061393144, -0.9993800792498829, -0.047443232143367084,
          -0.02989013031643309, -0.998969345370175, 0.03415885127385616, -0.0681999605066297,
           0.0, 0.0, 0.0, 1.0]
- camera:
    label: cam1
    id: 54812562fa109c40fe90b29a59dd7727
    line-delay-nanoseconds: 0
    image_height: 512
    image_width: 512
    type: pinhole

    intrinsics:
      cols: 1
      rows: 4
      data: [190.44236969414825, 190.4344384721956, 252.59949716835982, 254.91723064636983]
    distortion:
      type: equidistant
      parameters:
        cols: 1
        rows: 4
        data: [0.0034003170790442797, 0.001766278153469831, -0.00266312569781606,
    0.0003299517423931039]
  T_B_C:
    cols: 4
    rows: 4
    data: [-0.9995110484978581, 0.030299116376600627, -0.0077218830287333565, -0.053697434688869734,
           0.008104079263822521, 0.012511643720192351, -0.9998888851620987, -0.046131737923635924,
          -0.030199136245891378, -0.9994625667418545, -0.012751072573940885, -0.07149261284195751,
           0.0, 0.0, 0.0, 1.0]

imu_params:
  delay_imu_cam: 0.0
  max_imu_delta_t: 0.01
  acc_max: 176.0
  omega_max: 7.8
  sigma_omega_c: 12.0e-4
  sigma_acc_c: 8.0e-3
  sigma_omega_bias_c: 2.0e-5
  sigma_acc_bias_c: 5.5e-5
  sigma_integration: 0.0
  g: 9.8082
  imu_rate: 200

imu_initialization:
  velocity: [0.0, 0, 0.0]
  omega_bias: [0.0, 0, 0.0]
  acc_bias: [0.0, 0.0, 0.0]
  velocity_sigma: 2.0
  omega_bias_sigma: 0.01
  acc_bias_sigma: 0.1
